11101010111010111110000011100010111010001110000011110010111100111111000011100000
11100011111011101111000011100101
111010101111000011110011111001101110101011100000
11110001111100101111001111101011
11101100111011101110011111100000111010001110101011100000
11110010111111101110101111111100
11101110111010101110110111101110
11101010111100001110111011100010111000001111001011111100
111000011110100011100111111011011110010111110001
1110010011110000111001011110101111111100
111010101110111011101100111011111110000011110001
11101010111000001110110111110010
11110101111100001110111011101101111010001110101011100000
111001111110000011101011
111000111110000011101011111001011111000011100000
11100001111000001110101111101011
111000101110010111110001
111010101110000011110100111001011110101111111100
11100111111011011110000011101010
111101001110100011101011111111001111001011110000
1110000111100000111110001110110111111111
1110101011101110111011011110010011101000111100101110010111110000
11101110111011001110000011110000
111101111110000011101101
1110111111101011111000001110110011111111
11100001111000001110110111101010
11110010111001011111001011100101111100001110010111100010
111011001111001111100110
11101010111000001110110011100001111000001110101111100000
11100011111100001111001111100111
11101010111010001110110111101110
1110101111100000111000101110000011111000
1110101011100000111010111110000011110111
111000111110010111101110111010111110111011100011
11100001111000001110101111111100111001111110000011101100
111000011111000011100101111000101110110111101110
1110011011100101111100001110010011111100
1110000111101110111100001110010111110110
11110001111000001110110011101110111000101110000011110000
11101010111000001111000011100000111000011110100011101101
1110111111101110111001001110101111101110111010101110111011110010111011011110100011101010
1110000111100000111100001110000011101010
1110110011101110111100101110111011110000
11111000111000001111000011100110
111100011111001111110001111100101110000011100010
111000001110110011110100111010001111001011100101111000001111001011110000
11110001111010101110001011101110111100001110010111110111111011011110100011101010
1110111111101110111001001110101111101110111001001110101011100000
11100111111000001111001011111011111101111110101011100000
11110000111001011111000111101101111010001111011011100000
111100011110111111101000111101111110101011100000
1110101011100000111000011110000011101101
1110110011110011111101001111001011100000
1111000111101000111011011110111011101111111100101110100011101010
1111010111100000111100001110000011101010111100101110010111110000
11101100111000001111010011101000111011101110011111101000
111101001111001111101101111001001110000011101100111001011110110111110010
1110000111110011111011001110000011100110111011011110100011101010
111000011110100011100001111010111110100011101110111101001110100011101011
111001001111000011101110111001101110011011101000
111010101110000011100111111010001110110111101110
11101010111011101110110111100101111101111110110111101110111100011111001011111100
111011111111000011101110111000011110111011110000
11100100111100111111000111110010
11101010111011101110110011100001111010001110110111100000111101101110100011111111
111011001110010111111000111010101110111011100010111010001110110111100000
111011111111000011101110111101101110010111110001111100011110111011110000
111010101111000011111011111110001110101011100000
111100011111010011101000111011011110101011110001
111011111110000011110001111100011110000011110010111010001110011011101000
11110100111100111110110111110010
11101010111100001111001111100110111001011110001011101110
1110000011100011111010001111001011100000111100101110111011110000
1111010011101110111100001110110011110011111010111111111111110000
111011111111000011101110111010101110111011101011
1110000011100001111001111110000011110110
11101010111000001111000011100000111000101110000011101101
11101011111001011110010011100101111011011110010111110110
1110101011100000111110001110111111101110
111000011110000011110000111010101110000011110001
111010101110000011110000111001001110000011101101
1110001011110000111000001111100111100101111011011110100011100101
1110011111100000111010111110100011100010111011011110111011100101
11101100111001011111001011110000111001001110111011110010111001011110101111111100
11101010111010111110000011100010111010001110000011110010111100111111000011100000
1111000011100000111001001110100011100000111100101110111011110000
11110001111001011110001111101100111001011110110111110010
1110111011100001111001011111100111100000111011011110100011100101
11101100111000001110001111101101111010001111001011101110111101001110111011101101
11101010111011101111000011100100111001011110000111100000111010111110010111110010
111001111110000011100010111000001111000011110011111110001110101011100000
111011101111000011100000111010101111001111101011
111100101110010111110000111011011110111011100010111011011110100011101010
1110011011110011111001101110011011100000111011011110100011100101
1110011111101110111011101110101111101110111000111110100011111111
1110000011110000111011001110100011111111
111010111110100011110001111010001111011011100000
11110101111100001110010111101101
11101111111011101110101111101110111100101110110111101110
